184
0 1
1 1
2 1
3 1
4 1
5 1
6 1
7 1
8 1
9 1
10 1
11 1
12 1
13 1
14 1
15 1
16 1
17 1
18 1
19 1
20 1
21 1
22 1
23 1
24 1
25 1
26 1
27 1
28 1
29 1
30 1
31 1
32 1
33 1
34 1
35 1
36 1
37 1
38 1
39 1
40 1
41 1
42 1
43 1
44 1
45 1
46 1
47 1
48 1
49 1
50 1
51 1
52 1
53 1
54 1
55 1
56 1
57 1
58 1
59 1
60 1
61 1
62 1
63 1
64 1
65 1
66 1
67 1
68 1
69 1
70 1
71 1
72 1
73 1
74 1
75 1
76 1
77 1
78 1
79 1
80 1
81 1
82 1
83 1
84 1
85 1
86 1
87 1
88 1
89 1
90 1
91 1
92 1
93 1
94 1
95 1
96 1
97 1
98 1
99 1
100 1
101 1
102 1
103 1
104 1
105 1
106 1
107 1
108 1
109 1
110 1
111 1
112 1
113 1
114 1
115 1
116 1
117 1
118 1
119 1
120 1
121 1
122 1
123 1
124 1
125 1
126 1
127 1
128 1
129 1
130 1
131 1
132 1
133 1
134 1
135 1
136 1
137 1
138 1
139 1
140 1
141 1
142 1
143 1
144 1
145 1
146 1
147 1
148 1
149 1
150 1
151 1
152 1
153 1
154 1
155 1
156 1
157 1
158 1
159 1
160 1
161 1
162 1
163 1
164 1
165 1
166 1
167 1
168 1
169 1
170 1
171 1
172 1
173 1
174 1
175 1
176 1
177 1
178 1
179 1
180 1
181 1
182 1
183 1
76
1 0 4 0 76 92 108
1 1 6 1 2 76 93 95 108
1 2 6 1 2 19 94 95 96
1 3 6 3 4 77 79 92 108
1 4 6 3 4 38 78 79 80
2 5 9 5 77 79 93 95 108 112 128 144
2 6 9 6 7 94 95 96 112 129 131 144
2 7 9 6 7 22 94 95 96 130 131 132
2 8 9 8 9 78 79 80 113 115 128 144
2 9 9 8 9 40 78 79 80 114 115 116
3 10 9 10 113 115 129 131 144 148 164 180
3 11 9 11 12 130 131 132 148 165 167 180
3 12 9 11 12 25 130 131 132 166 167 168
3 13 9 13 14 114 115 116 149 151 164 180
3 14 9 13 14 42 114 115 116 150 151 152
4 15 9 15 16 17 18 149 151 165 167 180
4 16 9 15 16 17 18 28 30 166 167 168
4 17 9 15 16 17 18 44 45 150 151 152
4 18 9 15 16 17 18 28 30 44 45 57
1 19 6 2 19 20 94 96 98
1 20 6 19 20 84 97 98 109
1 21 4 21 84 99 109
2 22 9 7 22 23 94 96 98 130 132 134
2 23 9 22 23 94 96 98 120 133 134 145
2 24 9 24 85 87 97 98 109 120 135 145
3 25 9 12 25 26 130 132 134 166 168 170
3 26 9 25 26 130 132 134 156 169 170 181
3 27 9 27 121 123 133 134 145 156 171 181
4 28 9 16 18 28 29 30 31 166 168 170
4 29 9 28 29 30 31 157 159 169 170 181
4 30 9 16 18 28 29 30 31 45 57 58
4 31 9 28 29 30 31 57 58 158 159 160
3 32 9 32 33 122 123 124 157 159 171 181
3 33 9 32 33 61 122 123 124 158 159 160
2 34 9 34 35 86 87 88 121 123 135 145
2 35 9 34 35 66 86 87 88 122 123 124
1 36 6 36 37 85 87 99 109
1 37 6 36 37 71 86 87 88
1 38 6 4 38 39 78 80 82
1 39 6 38 39 81 82 100 110
2 40 9 9 40 41 78 80 82 114 116 118
2 41 9 40 41 78 80 82 117 118 136 146
3 42 9 14 42 43 114 116 118 150 152 154
3 43 9 42 43 114 116 118 153 154 172 182
4 44 9 17 18 44 45 46 47 150 152 154
4 45 9 17 18 30 44 45 46 47 57 59
4 46 9 44 45 46 47 153 154 173 175 182
4 47 9 44 45 46 47 57 59 174 175 176
3 48 9 48 117 118 137 139 146 155 172 182
3 49 9 49 50 138 139 140 155 173 175 182
3 50 9 49 50 63 138 139 140 174 175 176
2 51 9 51 81 82 101 103 110 119 136 146
2 52 9 52 53 102 103 104 119 137 139 146
2 53 9 52 53 68 102 103 104 138 139 140
1 54 4 54 83 100 110
1 55 6 55 56 83 101 103 110
1 56 6 55 56 73 102 103 104
4 57 9 18 30 31 45 47 57 58 59 60
4 58 9 30 31 57 58 59 60 158 160 162
4 59 9 45 47 57 58 59 60 174 176 178
4 60 9 57 58 59 60 161 162 177 178 183
3 61 9 33 61 62 122 124 126 158 160 162
3 62 9 61 62 122 124 126 161 162 179 183
3 63 9 50 63 64 138 140 142 174 176 178
3 64 9 63 64 138 140 142 163 177 178 183
3 65 9 65 125 126 141 142 147 163 179 183
2 66 9 35 66 67 86 88 90 122 124 126
2 67 9 66 67 86 88 90 125 126 143 147
2 68 9 53 68 69 102 104 106 138 140 142
2 69 9 68 69 102 104 106 127 141 142 147
2 70 9 70 89 90 105 106 111 127 143 147
1 71 6 37 71 72 86 88 90
1 72 6 71 72 89 90 107 111
1 73 6 56 73 74 102 104 106
1 74 6 73 74 91 105 106 111
1 75 4 75 91 107 111
151
0 76 1 0 1 1 1 2 1 3 1 4 2 5 2 6 2 7 2 8 2 9 3 10 3 11 3 12 3 13 3 14 4 15 4 16 4 17 4 18 1 19 1 20 1 21 2 22 2 23 2 24 3 25 3 26 3 27 4 28 4 29 4 30 4 31 3 32 3 33 2 34 2 35 1 36 1 37 1 38 1 39 2 40 2 41 3 42 3 43 4 44 4 45 4 46 4 47 3 48 3 49 3 50 2 51 2 52 2 53 1 54 1 55 1 56 4 57 4 58 4 59 4 60 3 61 3 62 3 63 3 64 3 65 2 66 2 67 2 68 2 69 2 70 1 71 1 72 1 73 1 74 1 75 1 12 
1 6 1 0 1 1 1 2 1 19 1 20 1 21 2 3 
2 3 1 0 1 1 1 2 4 5 
3 3 1 19 1 20 1 21 8 9 
4 1 1 0 
5 2 1 1 1 2 6 7 
6 1 1 1 
7 1 1 2 
8 2 1 19 1 20 10 11 
9 1 1 21 
10 1 1 19 
11 1 1 20 
12 70 1 3 1 4 2 5 2 6 2 7 2 8 2 9 3 10 3 11 3 12 3 13 3 14 4 15 4 16 4 17 4 18 2 22 2 23 2 24 3 25 3 26 3 27 4 28 4 29 4 30 4 31 3 32 3 33 2 34 2 35 1 36 1 37 1 38 1 39 2 40 2 41 3 42 3 43 4 44 4 45 4 46 4 47 3 48 3 49 3 50 2 51 2 52 2 53 1 54 1 55 1 56 4 57 4 58 4 59 4 60 3 61 3 62 3 63 3 64 3 65 2 66 2 67 2 68 2 69 2 70 1 71 1 72 1 73 1 74 1 75 13 14 
13 6 1 54 1 55 1 56 1 73 1 74 1 75 15 16 
14 64 1 3 1 4 2 5 2 6 2 7 2 8 2 9 3 10 3 11 3 12 3 13 3 14 4 15 4 16 4 17 4 18 2 22 2 23 2 24 3 25 3 26 3 27 4 28 4 29 4 30 4 31 3 32 3 33 2 34 2 35 1 36 1 37 1 38 1 39 2 40 2 41 3 42 3 43 4 44 4 45 4 46 4 47 3 48 3 49 3 50 2 51 2 52 2 53 4 57 4 58 4 59 4 60 3 61 3 62 3 63 3 64 3 65 2 66 2 67 2 68 2 69 2 70 1 71 1 72 25 26 
15 3 1 54 1 55 1 56 17 18 
16 3 1 73 1 74 1 75 21 22 
17 1 1 54 
18 2 1 55 1 56 19 20 
19 1 1 55 
20 1 1 56 
21 2 1 73 1 74 23 24 
22 1 1 75 
23 1 1 73 
24 1 1 74 
25 4 1 3 1 4 1 38 1 39 27 28 
26 60 2 5 2 6 2 7 2 8 2 9 3 10 3 11 3 12 3 13 3 14 4 15 4 16 4 17 4 18 2 22 2 23 2 24 3 25 3 26 3 27 4 28 4 29 4 30 4 31 3 32 3 33 2 34 2 35 1 36 1 37 2 40 2 41 3 42 3 43 4 44 4 45 4 46 4 47 3 48 3 49 3 50 2 51 2 52 2 53 4 57 4 58 4 59 4 60 3 61 3 62 3 63 3 64 3 65 2 66 2 67 2 68 2 69 2 70 1 71 1 72 33 34 
27 2 1 3 1 4 29 30 
28 2 1 38 1 39 31 32 
29 1 1 3 
30 1 1 4 
31 1 1 38 
32 1 1 39 
33 4 1 36 1 37 1 71 1 72 35 36 
34 56 2 5 2 6 2 7 2 8 2 9 3 10 3 11 3 12 3 13 3 14 4 15 4 16 4 17 4 18 2 22 2 23 2 24 3 25 3 26 3 27 4 28 4 29 4 30 4 31 3 32 3 33 2 34 2 35 2 40 2 41 3 42 3 43 4 44 4 45 4 46 4 47 3 48 3 49 3 50 2 51 2 52 2 53 4 57 4 58 4 59 4 60 3 61 3 62 3 63 3 64 3 65 2 66 2 67 2 68 2 69 2 70 41 52 
35 2 1 36 1 37 37 38 
36 2 1 71 1 72 39 40 
37 1 1 36 
38 1 1 37 
39 1 1 71 
40 1 1 72 
41 6 2 5 2 6 2 7 2 22 2 23 2 24 42 43 
42 3 2 5 2 6 2 7 44 45 
43 3 2 22 2 23 2 24 48 49 
44 1 2 5 
45 2 2 6 2 7 46 47 
46 1 2 6 
47 1 2 7 
48 2 2 22 2 23 50 51 
49 1 2 24 
50 1 2 22 
51 1 2 23 
52 50 2 8 2 9 3 10 3 11 3 12 3 13 3 14 4 15 4 16 4 17 4 18 3 25 3 26 3 27 4 28 4 29 4 30 4 31 3 32 3 33 2 34 2 35 2 40 2 41 3 42 3 43 4 44 4 45 4 46 4 47 3 48 3 49 3 50 2 51 2 52 2 53 4 57 4 58 4 59 4 60 3 61 3 62 3 63 3 64 3 65 2 66 2 67 2 68 2 69 2 70 53 54 
53 6 2 51 2 52 2 53 2 68 2 69 2 70 55 56 
54 44 2 8 2 9 3 10 3 11 3 12 3 13 3 14 4 15 4 16 4 17 4 18 3 25 3 26 3 27 4 28 4 29 4 30 4 31 3 32 3 33 2 34 2 35 2 40 2 41 3 42 3 43 4 44 4 45 4 46 4 47 3 48 3 49 3 50 4 57 4 58 4 59 4 60 3 61 3 62 3 63 3 64 3 65 2 66 2 67 65 66 
55 3 2 51 2 52 2 53 57 58 
56 3 2 68 2 69 2 70 61 62 
57 1 2 51 
58 2 2 52 2 53 59 60 
59 1 2 52 
60 1 2 53 
61 2 2 68 2 69 63 64 
62 1 2 70 
63 1 2 68 
64 1 2 69 
65 4 2 8 2 9 2 40 2 41 67 68 
66 40 3 10 3 11 3 12 3 13 3 14 4 15 4 16 4 17 4 18 3 25 3 26 3 27 4 28 4 29 4 30 4 31 3 32 3 33 2 34 2 35 3 42 3 43 4 44 4 45 4 46 4 47 3 48 3 49 3 50 4 57 4 58 4 59 4 60 3 61 3 62 3 63 3 64 3 65 2 66 2 67 73 74 
67 2 2 8 2 9 69 70 
68 2 2 40 2 41 71 72 
69 1 2 8 
70 1 2 9 
71 1 2 40 
72 1 2 41 
73 4 2 34 2 35 2 66 2 67 75 76 
74 36 3 10 3 11 3 12 3 13 3 14 4 15 4 16 4 17 4 18 3 25 3 26 3 27 4 28 4 29 4 30 4 31 3 32 3 33 3 42 3 43 4 44 4 45 4 46 4 47 3 48 3 49 3 50 4 57 4 58 4 59 4 60 3 61 3 62 3 63 3 64 3 65 81 92 
75 2 2 34 2 35 77 78 
76 2 2 66 2 67 79 80 
77 1 2 34 
78 1 2 35 
79 1 2 66 
80 1 2 67 
81 6 3 10 3 11 3 12 3 25 3 26 3 27 82 83 
82 3 3 10 3 11 3 12 84 85 
83 3 3 25 3 26 3 27 88 89 
84 1 3 10 
85 2 3 11 3 12 86 87 
86 1 3 11 
87 1 3 12 
88 2 3 25 3 26 90 91 
89 1 3 27 
90 1 3 25 
91 1 3 26 
92 30 3 13 3 14 4 15 4 16 4 17 4 18 4 28 4 29 4 30 4 31 3 32 3 33 3 42 3 43 4 44 4 45 4 46 4 47 3 48 3 49 3 50 4 57 4 58 4 59 4 60 3 61 3 62 3 63 3 64 3 65 93 94 
93 6 3 48 3 49 3 50 3 63 3 64 3 65 95 96 
94 24 3 13 3 14 4 15 4 16 4 17 4 18 4 28 4 29 4 30 4 31 3 32 3 33 3 42 3 43 4 44 4 45 4 46 4 47 4 57 4 58 4 59 4 60 3 61 3 62 105 106 
95 3 3 48 3 49 3 50 97 98 
96 3 3 63 3 64 3 65 101 102 
97 1 3 48 
98 2 3 49 3 50 99 100 
99 1 3 49 
100 1 3 50 
101 2 3 63 3 64 103 104 
102 1 3 65 
103 1 3 63 
104 1 3 64 
105 4 3 13 3 14 3 42 3 43 107 108 
106 20 4 15 4 16 4 17 4 18 4 28 4 29 4 30 4 31 3 32 3 33 4 44 4 45 4 46 4 47 4 57 4 58 4 59 4 60 3 61 3 62 113 114 
107 2 3 13 3 14 109 110 
108 2 3 42 3 43 111 112 
109 1 3 13 
110 1 3 14 
111 1 3 42 
112 1 3 43 
113 4 3 32 3 33 3 61 3 62 115 116 
114 16 4 15 4 16 4 17 4 18 4 28 4 29 4 30 4 31 4 44 4 45 4 46 4 47 4 57 4 58 4 59 4 60 121 122 
115 2 3 32 3 33 117 118 
116 2 3 61 3 62 119 120 
117 1 3 32 
118 1 3 33 
119 1 3 61 
120 1 3 62 
121 8 4 15 4 16 4 17 4 18 4 28 4 29 4 30 4 31 123 124 
122 8 4 44 4 45 4 46 4 47 4 57 4 58 4 59 4 60 137 138 
123 4 4 15 4 16 4 17 4 18 125 126 
124 4 4 28 4 29 4 30 4 31 131 132 
125 2 4 15 4 16 127 128 
126 2 4 17 4 18 129 130 
127 1 4 15 
128 1 4 16 
129 1 4 17 
130 1 4 18 
131 2 4 28 4 29 133 134 
132 2 4 30 4 31 135 136 
133 1 4 28 
134 1 4 29 
135 1 4 30 
136 1 4 31 
137 4 4 44 4 45 4 46 4 47 139 140 
138 4 4 57 4 58 4 59 4 60 145 146 
139 2 4 44 4 45 141 142 
140 2 4 46 4 47 143 144 
141 1 4 44 
142 1 4 45 
143 1 4 46 
144 1 4 47 
145 2 4 57 4 58 147 148 
146 2 4 59 4 60 149 150 
147 1 4 57 
148 1 4 58 
149 1 4 59 
150 1 4 60 
