112
1 1
2 1
3 1
4 1
5 1
6 1
7 1
8 1
9 1
10 1
11 1
12 1
13 1
14 1
15 1
16 1
17 1
18 1
19 1
20 1
21 1
22 1
23 1
24 1
25 1
26 1
27 1
28 1
29 1
30 1
31 1
32 1
33 1
34 1
35 1
36 1
37 1
38 1
39 1
40 1
41 1
42 1
43 1
44 1
45 1
46 1
47 1
48 1
49 1
50 1
51 1
52 1
53 1
54 1
55 1
56 1
57 1
58 1
59 1
60 1
61 1
62 1
63 1
64 1
65 1
66 1
67 1
68 1
69 1
70 1
71 1
72 1
73 1
74 1
75 1
76 1
77 1
78 1
79 1
80 1
81 1
82 1
83 1
84 1
85 1
86 1
87 1
88 1
89 1
90 1
91 1
92 1
93 1
94 1
95 1
96 1
97 1
98 1
99 1
100 1
101 1
102 1
103 1
104 1
105 1
106 1
107 1
108 1
109 1
110 1
111 1
112 1
52
1 1 4 1 53 61 69
1 2 6 2 14 53 62 63 69
1 3 6 3 27 54 55 61 69
2 4 9 4 54 55 62 63 69 73 81 89
2 5 9 5 16 62 63 69 73 82 83 89
2 6 9 6 28 54 55 69 74 75 81 89
3 7 10 7 69 74 75 82 83 89 93 101 109
3 8 10 8 18 69 82 83 89 93 102 103 109
3 9 10 9 29 69 74 75 89 94 95 101 109
4 10 11 10 11 12 13 69 89 94 95 102 103 109
4 11 11 10 11 12 13 20 22 69 89 102 103 109
4 12 11 10 11 12 13 30 31 69 89 94 95 109
4 13 12 10 11 12 13 20 22 30 31 40 69 89 109
1 14 6 2 14 57 62 63 70
1 15 4 15 57 64 70
2 16 9 5 16 62 63 70 77 82 83 90
2 17 9 17 58 59 62 63 70 77 84 90
3 18 10 8 18 70 82 83 90 97 102 103 110
3 19 10 19 70 78 79 82 83 90 97 104 110
4 20 11 11 13 20 21 22 23 70 90 102 103 110
4 21 11 20 21 22 23 70 90 98 99 102 103 110
4 22 12 11 13 20 21 22 23 31 40 41 70 90 110
4 23 11 20 21 22 23 40 41 70 90 98 99 110
3 24 10 24 44 70 78 79 90 98 99 104 110
2 25 9 25 47 58 59 70 78 79 84 90
1 26 6 26 50 58 59 64 70
1 27 6 3 27 54 55 65 71
2 28 9 6 28 54 55 71 74 75 85 91
3 29 10 9 29 71 74 75 91 94 95 105 111
4 30 11 12 13 30 31 32 33 71 91 94 95 111
4 31 12 12 13 22 30 31 32 33 40 42 71 91 111
4 32 11 30 31 32 33 71 91 94 95 106 107 111
4 33 11 30 31 32 33 40 42 71 91 106 107 111
3 34 10 34 71 74 75 86 87 91 96 105 111
3 35 10 35 45 71 86 87 91 96 106 107 111
2 36 9 36 54 55 66 67 71 76 85 91
2 37 9 37 48 66 67 71 76 86 87 91
1 38 4 38 56 65 71
1 39 6 39 51 56 66 67 71
4 40 12 13 22 23 31 33 40 41 42 43 72 92 112
4 41 11 22 23 40 41 42 43 72 92 98 99 112
4 42 11 31 33 40 41 42 43 72 92 106 107 112
4 43 11 40 41 42 43 72 92 98 99 106 107 112
3 44 10 24 44 72 78 79 92 98 99 108 112
3 45 10 35 45 72 86 87 92 100 106 107 112
3 46 10 46 72 78 79 86 87 92 100 108 112
2 47 9 25 47 58 59 72 78 79 88 92
2 48 9 37 48 66 67 72 80 86 87 92
2 49 9 49 58 59 66 67 72 80 88 92
1 50 6 26 50 58 59 68 72
1 51 6 39 51 60 66 67 72
1 52 4 52 60 68 72
103
1 52 1 1 1 2 1 3 2 4 2 5 2 6 3 7 3 8 3 9 4 10 4 11 4 12 4 13 1 14 1 15 2 16 2 17 3 18 3 19 4 20 4 21 4 22 4 23 3 24 2 25 1 26 1 27 2 28 3 29 4 30 4 31 4 32 4 33 3 34 3 35 2 36 2 37 1 38 1 39 4 40 4 41 4 42 4 43 3 44 3 45 3 46 2 47 2 48 2 49 1 50 1 51 1 52 2 9 
2 4 1 1 1 2 1 14 1 15 3 4 
3 2 1 1 1 2 5 6 
4 2 1 14 1 15 7 8 
5 1 1 1 
6 1 1 2 
7 1 1 14 
8 1 1 15 
9 48 1 3 2 4 2 5 2 6 3 7 3 8 3 9 4 10 4 11 4 12 4 13 2 16 2 17 3 18 3 19 4 20 4 21 4 22 4 23 3 24 2 25 1 26 1 27 2 28 3 29 4 30 4 31 4 32 4 33 3 34 3 35 2 36 2 37 1 38 1 39 4 40 4 41 4 42 4 43 3 44 3 45 3 46 2 47 2 48 2 49 1 50 1 51 1 52 10 11 
10 4 1 38 1 39 1 51 1 52 12 13 
11 44 1 3 2 4 2 5 2 6 3 7 3 8 3 9 4 10 4 11 4 12 4 13 2 16 2 17 3 18 3 19 4 20 4 21 4 22 4 23 3 24 2 25 1 26 1 27 2 28 3 29 4 30 4 31 4 32 4 33 3 34 3 35 2 36 2 37 4 40 4 41 4 42 4 43 3 44 3 45 3 46 2 47 2 48 2 49 1 50 18 19 
12 2 1 38 1 39 14 15 
13 2 1 51 1 52 16 17 
14 1 1 38 
15 1 1 39 
16 1 1 51 
17 1 1 52 
18 2 1 3 1 27 20 21 
19 42 2 4 2 5 2 6 3 7 3 8 3 9 4 10 4 11 4 12 4 13 2 16 2 17 3 18 3 19 4 20 4 21 4 22 4 23 3 24 2 25 1 26 2 28 3 29 4 30 4 31 4 32 4 33 3 34 3 35 2 36 2 37 4 40 4 41 4 42 4 43 3 44 3 45 3 46 2 47 2 48 2 49 1 50 22 23 
20 1 1 3 
21 1 1 27 
22 2 1 26 1 50 24 25 
23 40 2 4 2 5 2 6 3 7 3 8 3 9 4 10 4 11 4 12 4 13 2 16 2 17 3 18 3 19 4 20 4 21 4 22 4 23 3 24 2 25 2 28 3 29 4 30 4 31 4 32 4 33 3 34 3 35 2 36 2 37 4 40 4 41 4 42 4 43 3 44 3 45 3 46 2 47 2 48 2 49 26 33 
24 1 1 26 
25 1 1 50 
26 4 2 4 2 5 2 16 2 17 27 28 
27 2 2 4 2 5 29 30 
28 2 2 16 2 17 31 32 
29 1 2 4 
30 1 2 5 
31 1 2 16 
32 1 2 17 
33 36 2 6 3 7 3 8 3 9 4 10 4 11 4 12 4 13 3 18 3 19 4 20 4 21 4 22 4 23 3 24 2 25 2 28 3 29 4 30 4 31 4 32 4 33 3 34 3 35 2 36 2 37 4 40 4 41 4 42 4 43 3 44 3 45 3 46 2 47 2 48 2 49 34 35 
34 4 2 36 2 37 2 48 2 49 36 37 
35 32 2 6 3 7 3 8 3 9 4 10 4 11 4 12 4 13 3 18 3 19 4 20 4 21 4 22 4 23 3 24 2 25 2 28 3 29 4 30 4 31 4 32 4 33 3 34 3 35 4 40 4 41 4 42 4 43 3 44 3 45 3 46 2 47 42 43 
36 2 2 36 2 37 38 39 
37 2 2 48 2 49 40 41 
38 1 2 36 
39 1 2 37 
40 1 2 48 
41 1 2 49 
42 2 2 6 2 28 44 45 
43 30 3 7 3 8 3 9 4 10 4 11 4 12 4 13 3 18 3 19 4 20 4 21 4 22 4 23 3 24 2 25 3 29 4 30 4 31 4 32 4 33 3 34 3 35 4 40 4 41 4 42 4 43 3 44 3 45 3 46 2 47 46 47 
44 1 2 6 
45 1 2 28 
46 2 2 25 2 47 48 49 
47 28 3 7 3 8 3 9 4 10 4 11 4 12 4 13 3 18 3 19 4 20 4 21 4 22 4 23 3 24 3 29 4 30 4 31 4 32 4 33 3 34 3 35 4 40 4 41 4 42 4 43 3 44 3 45 3 46 50 57 
48 1 2 25 
49 1 2 47 
50 4 3 7 3 8 3 18 3 19 51 52 
51 2 3 7 3 8 53 54 
52 2 3 18 3 19 55 56 
53 1 3 7 
54 1 3 8 
55 1 3 18 
56 1 3 19 
57 24 3 9 4 10 4 11 4 12 4 13 4 20 4 21 4 22 4 23 3 24 3 29 4 30 4 31 4 32 4 33 3 34 3 35 4 40 4 41 4 42 4 43 3 44 3 45 3 46 58 59 
58 4 3 34 3 35 3 45 3 46 60 61 
59 20 3 9 4 10 4 11 4 12 4 13 4 20 4 21 4 22 4 23 3 24 3 29 4 30 4 31 4 32 4 33 4 40 4 41 4 42 4 43 3 44 66 67 
60 2 3 34 3 35 62 63 
61 2 3 45 3 46 64 65 
62 1 3 34 
63 1 3 35 
64 1 3 45 
65 1 3 46 
66 2 3 9 3 29 68 69 
67 18 4 10 4 11 4 12 4 13 4 20 4 21 4 22 4 23 3 24 4 30 4 31 4 32 4 33 4 40 4 41 4 42 4 43 3 44 70 71 
68 1 3 9 
69 1 3 29 
70 2 3 24 3 44 72 73 
71 16 4 10 4 11 4 12 4 13 4 20 4 21 4 22 4 23 4 30 4 31 4 32 4 33 4 40 4 41 4 42 4 43 74 75 
72 1 3 24 
73 1 3 44 
74 8 4 10 4 11 4 12 4 13 4 20 4 21 4 22 4 23 76 77 
75 8 4 30 4 31 4 32 4 33 4 40 4 41 4 42 4 43 90 91 
76 4 4 10 4 11 4 12 4 13 78 79 
77 4 4 20 4 21 4 22 4 23 84 85 
78 2 4 10 4 11 80 81 
79 2 4 12 4 13 82 83 
80 1 4 10 
81 1 4 11 
82 1 4 12 
83 1 4 13 
84 2 4 20 4 21 86 87 
85 2 4 22 4 23 88 89 
86 1 4 20 
87 1 4 21 
88 1 4 22 
89 1 4 23 
90 4 4 30 4 31 4 32 4 33 92 93 
91 4 4 40 4 41 4 42 4 43 98 99 
92 2 4 30 4 31 94 95 
93 2 4 32 4 33 96 97 
94 1 4 30 
95 1 4 31 
96 1 4 32 
97 1 4 33 
98 2 4 40 4 41 100 101 
99 2 4 42 4 43 102 103 
100 1 4 40 
101 1 4 41 
102 1 4 42 
103 1 4 43 
