# DROP #'s if you want to put that as input

           237  # number of B-splines

### B-spline definitions ###

# Not really useful, but required due to the spec
# In our case, just:
# <Bspline-id> 1
# for all B-splines
           1           1
           2           1
           3           1
           4           1
           5           1
           6           1
           7           1
           8           1
           9           0 # for us, it's always 1
          10           0
          11           0
          12           0
          13           0
          14           0
          15           0
          16           0
          17           0
          18           0
          19           0
          20           0
          21           0
          22           0
          23           0
          24           0
          25           0
          26           0
          27           0
          28           1
          29           0
          30           0
          31           0
          32           0
          33           0
          34           0
          35           0
          36           1
          37           1
          38           0
          39           0
          40           0
          41           0
          42           0
          43           0
          44           0
          45           0
          46           0
          47           0
          48           0
          49           0
          50           0
          51           0
          52           1
          53           0
          54           0
          55           0
          56           0
          57           0
          58           0
          59           0
          60           1
          61           0
          62           0
          63           0
          64           0
          65           0
          66           0
          67           0
          68           1
          69           1
          70           0
          71           0
          72           0
          73           0
          74           0
          75           0
          76           0
          77           0
          78           0
          79           0
          80           0
          81           0
          82           0
          83           0
          84           1
          85           1
          86           1
          87           1
          88           1
          89           1
          90           1
          91           0
          92           0
          93           0
          94           0
          95           0
          96           0
          97           0
          98           0
          99           0
         100           0
         101           0
         102           0
         103           0
         104           0
         105           0
         106           0
         107           0
         108           0
         109           0
         110           0
         111           0
         112           0
         113           0
         114           0
         115           0
         116           0
         117           0
         118           0
         119           0
         120           0
         121           0
         122           0
         123           0
         124           0
         125           0
         126           0
         127           0
         128           0
         129           0
         130           0
         131           0
         132           0
         133           0
         134           0
         135           0
         136           0
         137           0
         138           0
         139           0
         140           1
         141           1
         142           1
         143           1
         144           1
         145           1
         146           1
         147           0
         148           0
         149           0
         150           0
         151           0
         152           0
         153           0
         154           0
         155           0
         156           0
         157           0
         158           0
         159           0
         160           0
         161           0
         162           0
         163           0
         164           0
         165           0
         166           1
         167           1
         168           1
         169           0
         170           0
         171           0
         172           0
         173           0
         174           0
         175           0
         176           0
         177           0
         178           0
         179           0
         180           0
         181           0
         182           1
         183           1
         184           1
         185           0
         186           0
         187           0
         188           0
         189           0
         190           0
         191           0
         192           0
         193           0
         194           0
         195           0
         196           0
         197           0
         198           1
         199           0
         200           0
         201           0
         202           0
         203           0
         204           0
         205           0
         206           1
         207           1
         208           1
         209           0
         210           0
         211           0
         212           0
         213           0
         214           0
         215           0
         216           0
         217           0
         218           0
         219           0
         220           0
         221           0
         222           1
         223           0
         224           0
         225           0
         226           0
         227           0
         228           0
         229           0
         230           1
         231           0
         232           0
         233           0
         234           0
         235           0
         236           0
         237           0


### B-spline => element assignment ###

          22  # number of grid elements

# In every chunk:
#  adaptation level
#  id of an element WITHIN ITS ADAPTATION LEVEL (not globally!)
#  number of B-splines
#  B-spline ids...
# The pair (adaptation level, id within level) uniquely determines the element

# Chunks follow...
           1           1          27         140         141         142
         143         144         145          84         146         147
         148         149         150         151         152         153
         154         155         156         157         158         159
         160         161         162         163         164         165

           1           2          27         141         166         167
         142         145         168          85          84         169
         170         171         148         172         173          91
         152         156         174         175         157         176
         177         178         179         180         162         181

           1           3          27         143         142         182
         183         146          84          87         184         149
         185         186         187         153          95         188
         189         158         157         190         191         192
         193         163         194         195         196         197

           1           4          27         142         167         198
         182          84          85          86          87         171
         199         200         185          91          93          94
          95         157         175         201         190         202
          92         180         203         204         194         205

           1           5          27         144         145          84
         146         206         207          88         208         151
         152         153         154         209         210         211
         212         213         214          96         215         160
         216         217         218         219         220         221

           1           6          27         145         168          85
          84         207         222          89          88         172
         173          91         152         223         224          99
         210         214         225          98          96         177
         226         227         228          97         218         229

           1           7          27         146          84          87
         184         208          88          90         230         153
          95         188         189         211         102         231
         232         215          96         101         233         193
         234         219         100         235         236         237

           2           1          27          84          85          86
          87          88          89           1          90          91
          92          93          94          95          96          97
          98          99         100         101         102         103
         104         105         106         107         108         109

           2           2          27          84          85          86
          87          89          88           2           1          91
          93          92          94          95          97          98
          99          96         110           9         103         111
         105         112         113         114         107         115

           2           3          27          84          85          86
          87           1           2           3           4          92
          91          93          94          95           9          11
          12          13         105         111         116         117
          10         114         118         119         120         121

           2           4          27          84          87          85
          86          90          88           1           4          95
          92          91          93          94         100         101
         102          96         104          13         122         105
         117         123         108         120         124         125

           2           5          27          84          88          85
          89           1          87          90           5          96
          97          91          98          99         100          95
         101         102         103         104         126         127
          14         106         128         129         130         131

           2           6          27          84          85          89
          88           2           1           6           5          97
          91          98          99          96         110           9
         103         132          17         126          16          14
         112         133         134          15         129         135

           2           7          27          84          87          90
          88           1           4           5           8         100
          95         101         102          96         104          13
         122         127          20         136          14          19
         123         137         130          18         138         139

           3           1          27           1           2           3
           4           5           6           7           8           9
          10          11          12          13          14          15
          16          17          18          19          20          21
          22          23          24          25          26          27

           3           2          27           1           2           3
           4           6           5          28           7           9
          11          10          12          13          15          16
          17          14          29          30          21          31
          23          32          33          34          25          35

           3           3          27           1           2           3
           4           7          28          36          37          10
           9          11          12          13          30          38
          39          40          23          31          41          42
          43          34          44          45          46          47

           3           4          27           1           4           2
           3           8           5           7          37          13
          10           9          11          12          18          19
          20          14          22          40          48          23
          42          49          26          46          50          51

           3           5          27           1           5           2
           6           7           4           8          52          14
          15           9          16          17          18          13
          19          20          21          22          53          54
          55          24          56          57          58          59

           3           6          27           1           2           6
           5          28           7          60          52          15
           9          16          17          14          29          30
          21          61          62          53          63          55
          32          64          65          66          57          67

           3           7          27           7          28          36
          37          52          60          68          69          30
          38          39          40          62          70          71
          72          55          63          73          74          43
          75          66          76          77          78          79

           3           8          27           1           4           8
           5           7          37          52          69          18
          13          19          20          14          22          40
          48          54          72          80          55          74
          49          81          58          78          82          83


### Elimination tree ###

# The format as in the section 1.2 in http://www.hindawi.com/journals/sp/2015/303024/

          43  # Number of tree nodes

# In every chunk:
#  node id
#  number of elements within the node
#  element ids (as pairs: level, id within level)...
#  left & right son node id (unless only 1 elem in node)
          43          22           3           1           3           2
           3           3           3           4           3           5
           3           6           3           7           3           8
           2           1           2           2           2           3
           2           4           2           5           2           6
           2           7           1           1           1           2
           1           3           1           4           1           5
           1           6           1           7          41          42
          41          18           3           1           3           2
           3           3           3           4           3           5
           3           6           3           7           3           8
           2           1           2           2           2           3
           2           4           2           5           2           6
           2           7           1           3           1           4
           1           7          37          39
          37          16           3           1           3           2
           3           3           3           4           3           5
           3           6           3           7           3           8
           2           1           2           2           2           3
           2           4           2           5           2           6
           2           7           1           4          36          19
          36          15           3           1           3           2
           3           3           3           4           3           5
           3           6           3           7           3           8
           2           1           2           2           2           3
           2           4           2           5           2           6
           2           7          34          35
          34          11           3           1           3           2
           3           3           3           4           3           5
           3           6           3           7           3           8
           2           3           2           4           2           7
          30          32
          30           9           3           1           3           2
           3           3           3           4           3           5
           3           6           3           7           3           8
           2           3          29          11
          29           8           3           1           3           2
           3           3           3           4           3           5
           3           6           3           7           3           8
          27          28
          27           4           3           1           3           2
           3           3           3           4          23          24
          23           2           3           1           3           2
           1           2
           1           1           3           1
           2           1           3           2
          24           2           3           3           3           4
           3           4
           3           1           3           3
           4           1           3           4
          28           4           3           5           3           6
           3           7           3           8          25          26
          25           2           3           5           3           6
           5           6
           5           1           3           5
           6           1           3           6
          26           2           3           7           3           8
           7           8
           7           1           3           7
           8           1           3           8
          11           1           2           3
          32           2           2           4           2           7
          12          15
          12           1           2           4
          15           1           2           7
          35           4           2           1           2           2
           2           5           2           6          31          33
          31           2           2           1           2           2
           9          10
           9           1           2           1
          10           1           2           2
          33           2           2           5           2           6
          13          14
          13           1           2           5
          14           1           2           6
          19           1           1           4
          39           2           1           3           1           7
          18          22
          18           1           1           3
          22           1           1           7
          42           4           1           1           1           2
           1           5           1           6          38          40
          38           2           1           1           1           2
          16          17
          16           1           1           1
          17           1           1           2
          40           2           1           5           1           6
          20          21
          20           1           1           5
          21           1           1           6
