         181
           1           1
           2           1
           3           1
           4           1
           5           1
           6           1
           7           1
           8           1
           9           0
          10           0
          11           0
          12           0
          13           0
          14           0
          15           0
          16           0
          17           0
          18           0
          19           0
          20           0
          21           0
          22           0
          23           0
          24           0
          25           0
          26           0
          27           0
          28           1
          29           0
          30           0
          31           0
          32           0
          33           0
          34           0
          35           0
          36           1
          37           1
          38           0
          39           0
          40           0
          41           0
          42           0
          43           0
          44           0
          45           0
          46           0
          47           0
          48           0
          49           0
          50           0
          51           0
          52           1
          53           0
          54           0
          55           0
          56           0
          57           0
          58           0
          59           0
          60           1
          61           0
          62           0
          63           0
          64           0
          65           0
          66           0
          67           0
          68           1
          69           1
          70           0
          71           0
          72           0
          73           0
          74           0
          75           0
          76           0
          77           0
          78           0
          79           0
          80           0
          81           0
          82           0
          83           0
          84           1
          85           1
          86           1
          87           1
          88           1
          89           1
          90           1
          91           0
          92           0
          93           0
          94           0
          95           0
          96           0
          97           0
          98           0
          99           0
         100           0
         101           0
         102           0
         103           0
         104           0
         105           0
         106           0
         107           0
         108           0
         109           0
         110           1
         111           1
         112           1
         113           0
         114           0
         115           0
         116           0
         117           0
         118           0
         119           0
         120           0
         121           0
         122           0
         123           0
         124           0
         125           0
         126           1
         127           1
         128           1
         129           0
         130           0
         131           0
         132           0
         133           0
         134           0
         135           0
         136           0
         137           0
         138           0
         139           0
         140           0
         141           0
         142           1
         143           0
         144           0
         145           0
         146           0
         147           0
         148           0
         149           0
         150           1
         151           1
         152           1
         153           0
         154           0
         155           0
         156           0
         157           0
         158           0
         159           0
         160           0
         161           0
         162           0
         163           0
         164           0
         165           0
         166           1
         167           0
         168           0
         169           0
         170           0
         171           0
         172           0
         173           0
         174           1
         175           0
         176           0
         177           0
         178           0
         179           0
         180           0
         181           0
          15
           1           1          27          84          85          86
          87          88          89           1          90          91
          92          93          94          95          96          97
          98          99         100         101         102         103
         104         105         106         107         108         109
           1           2          27          85         110         111
          86          89         112           2           1         113
         114         115          92         116         117           9
          96         100         118         119         101         120
         121         122         123         124         106         125
           1           3          27          87          86         126
         127          90           1           4         128          93
         129         130         131          97          13         132
         133         102         101         134         135         136
         137         107         138         139         140         141
           1           4          27          86         111         142
         126           1           2           3           4         115
         143         144         129           9          11          12
          13         101         119         145         134         146
          10         124         147         148         138         149
           1           5          27          88          89           1
          90         150         151           5         152          95
          96          97          98         153         154         155
         156         157         158          14         159         104
         160         161         162         163         164         165
           1           6          27          89         112           2
           1         151         166           6           5         116
         117           9          96         167         168          17
         154         158         169          16          14         121
         170         171         172          15         162         173
           1           7          27          90           1           4
         128         152           5           8         174          97
          13         132         133         155          20         175
         176         159          14          19         177         137
         178         163          18         179         180         181
           2           1          27           1           2           3
           4           5           6           7           8           9
          10          11          12          13          14          15
          16          17          18          19          20          21
          22          23          24          25          26          27
           2           2          27           1           2           3
           4           6           5          28           7           9
          11          10          12          13          15          16
          17          14          29          30          21          31
          23          32          33          34          25          35
           2           3          27           1           2           3
           4           7          28          36          37          10
           9          11          12          13          30          38
          39          40          23          31          41          42
          43          34          44          45          46          47
           2           4          27           1           4           2
           3           8           5           7          37          13
          10           9          11          12          18          19
          20          14          22          40          48          23
          42          49          26          46          50          51
           2           5          27           1           5           2
           6           7           4           8          52          14
          15           9          16          17          18          13
          19          20          21          22          53          54
          55          24          56          57          58          59
           2           6          27           1           2           6
           5          28           7          60          52          15
           9          16          17          14          29          30
          21          61          62          53          63          55
          32          64          65          66          57          67
           2           7          27           7          28          36
          37          52          60          68          69          30
          38          39          40          62          70          71
          72          55          63          73          74          43
          75          66          76          77          78          79
           2           8          27           1           4           8
           5           7          37          52          69          18
          13          19          20          14          22          40
          48          54          72          80          55          74
          49          81          58          78          82          83
          29
          29          15           2           1           2           2
           2           3           2           4           2           5
           2           6           2           7           2           8
           1           1           1           2           1           3
           1           4           1           5           1           6
           1           7          27          28
          27          11           2           1           2           2
           2           3           2           4           2           5
           2           6           2           7           2           8
           1           3           1           4           1           7
          23          25
          23           9           2           1           2           2
           2           3           2           4           2           5
           2           6           2           7           2           8
           1           4          22          12
          22           8           2           1           2           2
           2           3           2           4           2           5
           2           6           2           7           2           8
          20          21
          20           4           2           1           2           2
           2           3           2           4          16          17
          16           2           2           1           2           2
           1           2
           1           1           2           1
           2           1           2           2
          17           2           2           3           2           4
           3           4
           3           1           2           3
           4           1           2           4
          21           4           2           5           2           6
           2           7           2           8          18          19
          18           2           2           5           2           6
           5           6
           5           1           2           5
           6           1           2           6
          19           2           2           7           2           8
           7           8
           7           1           2           7
           8           1           2           8
          12           1           1           4
          25           2           1           3           1           7
          11          15
          11           1           1           3
          15           1           1           7
          28           4           1           1           1           2
           1           5           1           6          24          26
          24           2           1           1           1           2
           9          10
           9           1           1           1
          10           1           1           2
          26           2           1           5           1           6
          13          14
          13           1           1           5
          14           1           1           6
